371601
261178
266097
233078
371952
273945
239788
322850
36343
308229
91961
81712
261739
396830
213795
10025
393194
226513
376426
187191
97816
67809
87013
282761
74441
171909
3733
55351
8785
72045
292491
40541
305474
104488
114026
26133
5452
49426
299288
370785
27269
54925
77720
296343
274572
58529
194316
147643
76056
55140
372949
73270
28356
52327
282695
271669
307965
45838
283229
259093
296415
213586
252453
14093
241897
158864
68055
358005
135150
69927
179849
85097
62223
379025
252244
220457
270783
195035
209226
64395
51976
210866
136893
275835
255593
342410
279164
254864
110611
348550
203782
231180
142239
322169
196334
157205
143427
39657
315584
8461
309128
86646
205329
185252
128654
154016
157449
39805
170282
59420
160668
240024
377574
301873
61792
211153
178917
211946
235900
175999
32388
109757
151598
165394
122014
236536
282793
291071
213543
126630
116650
137819
103175
34632
257347
183454
19847
328456
72297
204521
365007
222528
102250
55396
200446
357605
130971
308108
35182
57741
232317
29475
43664
385963
367532
210239
107349
171151
19448
237783
176966
14095
134294
92793
41301
204871
92903
126947
182750
306235
16068
335196
85418
323219
82501
203213
36639
278317
141272
45089
364570
124754
70308
257134
12653
232813
262610
28885
357798
250071
109713
304020
132480
30313
123567
118419
134712
17707
387003
135318
247555
11051
256846
320563
18631
96582
20850
194710
88871
127660
316877
363487
147837
307
121093
274890
127043
261630
121371
259923
192090
192427
158319
93594
133314
65658
12225
69655
131511
352333
189026
36296
22513
109940
176372
217668
99017
276779
375986
14070
17855
128876
286470
398586
122714
252701
371187
367693
338916
89400
205095
392733
77620
295715
47090
151787
354826
49728
98877
79459
13513
381958
51499
395652
250749
237835
65092
81597
144023
389747
159919
74030
21069
79467
3006
198263
14992
215944
17890
9633
360500
268464
251769
217653
94516
214329
197840
65456
131302
193043
313680
175104
173691
285435
87584
86101
394004
58632
333753
21617
64340
146863
108791
185634
344775
26431
389263
36953
388516
113030
258037
40380
351483
389111
118939
325522
3431
342842
25263
221358
261187
273752
213759
123984
363165
11929
53692
243809
141835
190773
78088
313392
317720
210246
3200
189525
13963
188703
217033
300204
162319
356063
88395
298343
12465
152222
70238
364032
259322
342319
178644
109797
243807
48484
199009
337006
320805
217512
124570
235865
245165
382949
253969
145550
212500
83244
86466
225910
198357
296077
187443
374982
206614
125039
303805
261885
297019
147135
141938
31069
368370
159425
396506
164011
271286
135353
32556
8984
262723
13653
138505
52671
210780
5199
362504
59254
7122
289905
177694
375174
125451
236837
269984
372736
19054
380387
232670
298896
264546
194862
279566
363346
232832
186379
350663
131773
376346
5642
262887
384861
129030
44587
195969
141305
64832
333039
100830
241572
352742
209495
180542
123624
297289
358681
369778
17310
69668
41816
87908
301957
141585
28429
122717
394312
97357
70276
56549
382318
99439
182591
10306
47216
13064
134939
73384
98827
321506
14978
268643
4609
12468
70439
384427
11995
234182
380454
140581
65913
21882
6022
6872
83489
38586
169699
120173
387095
383414
275089
315016
256051
237252
77709
224847
291552
79319
69076
301477
157173
266793
376717
263366
203649
100719
299154
120844
86322
392858
303555
84797
8457
291817
85329
26247
112993
248509
129093
146423
256540
285121
93857
6678
279259
105688
101481
164934
335080
327988
13937
74499
75356
390540
365458
213551
38677
114271
347580
197563
97200
188099
218932
238930
240026
202701
358318
231434
325807
390893
378016
82938
322008
123605
4317
82941
120670
209916
315749
267113
171998
306283
87389
77884
62767
34024
28911
85112
76864
117296
19490
257662
282003
171476
289069
25601
250188
333793
118557
153847
23378
270557
134930
342657
56048
316775
296991
30510
30832
337317
380466
251474
240999
294297
366586
320501
177869
263557
163423
15400
240438
239428
358971
183615
365141
384864
84818
276916
365771
223912
387737
67985
314354
93356
234521
223279
32436
392807
123411
103800
77316
182272
143794
46723
373764
83744
357341
307033
301524
164457
185823
48235
13344
157016
67654
17988
166741
71802
66201
177419
389759
236051
367410
361622
319121
374193
303648
217265
146016
231112
36215
170488
74874
50039
67653
370636
79662
278581
34993
154746
189353
270613
16744
82293
130636
10817
252997
353833
32630
267973
188091
81203
256316
264864
109104
187212
326771
312772
280348
133778
268196
300065
381451
198079
101205
240675
365656
222907
64442
260370
248314
329791
216183
320010
317053
238380
165122
205753
299260
100796
156128
229329
241492
378185
124093
13498
317623
50245
257895
190029
115376
224373
243865
2503
222759
348096
159079
29776
196973
127100
225450
341478
66294
123198
353095
396379
105633
321684
296349
280447
39637
49593
26109
56978
70219
324325
242347
277020
33407
1661
135800
385723
374691
202089
102775
311830
271969
247725
2936
393666
227194
24720
238913
289228
222053
266944
362824
19781
254903
373198
235947
4604
364158
372558
314857
54863
195338
118057
159907
63568
280122
91051
269793
153561
399467
9235
328982
228477
162750
188653
23639
29459
220290
151082
393198
338248
39071
64866
202614
182576
314439
371000
192889
131129
85605
150731
323627
264873
299047
323970
256402
99344
313425
273265
63921
324755
249174
375857
198335
18877
157232
275703
15077
176658
61071
379894
137964
228252
178578
190889
214029
113274
337386
27857
84932
273112
289762
333991
391448
171610
321659
246226
76128
139580
301324
93519
241784
120530
106031
146747
301056
40840
366710
160549
386492
362220
86929
48052
182800
133811
388125
392433
227703
81823
87698
98009
197072
20266
270779
91906
102178
154010
145585
83238
130953
295731
93786
172333
337787
363013
20680
172509
302002
357987
153194
384287
51965
124087
114661
255391
71976
206129
192885
279684
203927
302008
132097
223440
149495
342606
38207
109149
277541
40358
263304
69064
206116
59487
51061
327656
14909
256562
393937
258762
341893
101744
239704
151450
111313
177344
250102
112080
80487
387065
376618
58335
173601
329198
298742
57010
213437
186331
99157
268910
304014
17852
377119
155755
129802
368335
203314
236980
286885
143153
75507
195083
158538
209089
41593
98731
136404
311647
153446
273569
206999
331563
225071
150628
44182
225703
120898
358892
193204
353847
363054
20585
263700
163867
50507
349942
15197
1331
6243
237902
16208
197772
317252
359465
397449
327175
42080
9450
307522
13128
184816
90294
250254
311017
380024
260702
269562
280365
377390
114737
20442
357225
340888
389951
123600
190601
80176
278997
330154
149557
271906
59256
393635
324786
347119
257501
31771
52148
167714
190326
334781
32473
27992
123766
313530
299058
262615
30860
338928
